magic
tech sky130A
magscale 1 2
timestamp 1717268063
<< checkpaint >>
rect -1706 956 2168 6794
rect -1260 -1260 1261 956
<< nwell >>
rect 537 2313 589 2396
<< viali >>
rect -203 5464 -165 5498
rect 628 5464 666 5498
rect -203 2252 -165 2286
rect 627 2251 665 2285
<< metal1 >>
rect -215 5498 -153 5504
rect -215 5464 -203 5498
rect -165 5464 -153 5498
rect -215 5458 -153 5464
rect 615 5498 677 5504
rect 615 5464 628 5498
rect 666 5464 677 5498
rect 615 5458 677 5464
rect -209 5348 -159 5458
rect -43 5381 506 5431
rect -43 5332 7 5381
rect 112 5298 122 5350
rect 174 5298 184 5350
rect 278 5298 288 5350
rect 340 5298 350 5350
rect 455 5332 505 5381
rect 621 5351 671 5458
rect -209 3807 -159 3950
rect -43 3900 7 3979
rect 278 3918 288 3970
rect 340 3918 350 3970
rect 455 3900 505 3950
rect -43 3850 505 3900
rect -54 3765 -44 3817
rect 8 3765 18 3817
rect 123 3811 173 3850
rect 289 3815 339 3850
rect 444 3765 454 3817
rect 506 3765 516 3817
rect 621 3807 671 3939
rect -209 2292 -159 2405
rect -54 2394 -44 2446
rect 8 2394 18 2446
rect 123 2364 173 2410
rect 289 2364 339 2409
rect 444 2394 454 2446
rect 506 2394 516 2446
rect 123 2314 339 2364
rect 621 2292 671 2407
rect -215 2286 -153 2292
rect -215 2252 -203 2286
rect -165 2252 -153 2286
rect -215 2246 -153 2252
rect 615 2285 677 2292
rect 615 2251 627 2285
rect 665 2251 677 2285
rect 615 2246 677 2251
<< via1 >>
rect 122 5298 174 5350
rect 288 5298 340 5350
rect 288 3918 340 3970
rect -44 3765 8 3817
rect 454 3765 506 3817
rect -44 2394 8 2446
rect 454 2394 506 2446
<< metal2 >>
rect 122 5386 589 5438
rect 122 5350 174 5386
rect 122 5288 174 5298
rect 288 5350 340 5386
rect 288 5288 340 5298
rect 288 3970 340 3980
rect 122 3901 174 3912
rect 288 3901 340 3918
rect -44 3849 506 3901
rect -44 3817 8 3849
rect -44 3755 8 3765
rect 454 3817 506 3849
rect 454 3755 506 3765
rect -44 2446 8 2456
rect -44 2362 8 2394
rect 454 2446 506 2456
rect 454 2362 506 2394
rect 537 2362 589 5386
rect -44 2310 589 2362
use sky130_fd_pr__res_high_po_0p35_4E8R5J  sky130_fd_pr__res_high_po_0p35_4E8R5J_0
timestamp 0
transform 1 0 231 0 1 3866
box -616 -1650 616 1650
<< labels >>
flabel metal2 -20 3838 -20 3838 0 FreeSans 160 0 0 0 B
port 1 nsew
flabel metal1 138 2369 138 2369 0 FreeSans 160 0 0 0 C
port 2 nsew
flabel metal1 40 5408 40 5408 0 FreeSans 160 0 0 0 D
port 3 nsew
flabel metal2 560 3881 560 3881 0 FreeSans 160 0 0 0 A
port 0 nsew
<< end >>
